10,230
10,144
10,16
10,64
10,224
10,126
10,2
10,3
11,16
9,7
9,6
8,8
8,9
8,5
8,6
8,4
8,7
65,4
65,3
65,2
65,1
65,0
64,4
64,3
64,2
64,1
64,0
63,4
63,3
63,2
63,1
63,0
62,5
62,4
62,3
62,2
62,1
62,0
61,5
61,4
61,3
61,2
61,1
61,0
57,4
57,3
57,2
57,1
57,0
56,4
56,3
56,2
56,1
56,0
53,6
53,5
53,4
53,3
53,2
53,1
53,0
51,6
51,5
51,4
51,3
51,2
51,1
51,0
45,4
45,3
45,2
45,1
45,0
24,3
24,1
20,3
20,2
20,1
19,3
19,2
19,1
18,3
18,1
14,5
14,4
14,3
14,1
13,3
13,1
12,3
12,2
12,1
11,27
11,25
11,24
11,22
11,20
11,18
11,15
11,14
11,13
11,11
11,10
11,8
11,7
11,6
11,5
11,4
11,3
11,2
11,1
10,304
10,299
10,270
10,256
10,252
10,250
10,248
10,198
